SPEAKER         id       #SENT      #WORD       Corr        Sub        Ins        Del        Err      S.Err
aem0            raw         30        302        290          9          1          3         13          9
aem0            sys         30        302      96.03       2.98       0.33       0.99       4.30      30.00
aeo0            raw         30        229        212         11          3          6         20         11
aeo0            sys         30        229      92.58       4.80       1.31       2.62       8.73      36.67
ajc0            raw         30        253        240         11          1          2         14          9
ajc0            sys         30        253      94.86       4.35       0.40       0.79       5.53      30.00
alk0            raw         30        269        246         17          0          6         23         10
alk0            sys         30        269      91.45       6.32       0.00       2.23       8.55      33.33
awf0            raw         10         88         81          6          1          1          8          6
awf0            sys         10         88      92.05       6.82       1.14       1.14       9.09      60.00
bcg1            raw         10         86         82          3          1          1          5          3
bcg1            sys         10         86      95.35       3.49       1.16       1.16       5.81      30.00
bef0            raw         25        235        212         12          0         11         23         17
bef0            sys         25        235      90.21       5.11       0.00       4.68       9.79      68.00
bth0            raw         10         86         82          1          0          3          4          2
bth0            sys         10         86      95.35       1.16       0.00       3.49       4.65      20.00
cal1            raw         30        236        230          3          0          3          6          5
cal1            sys         30        236      97.46       1.27       0.00       1.27       2.54      16.67
cau0            raw         30        272        251         13          0          8         21         13
cau0            sys         30        272      92.28       4.78       0.00       2.94       7.72      43.33
cew0            raw         30        241        223         10          0          8         18         11
cew0            sys         30        241      92.53       4.15       0.00       3.32       7.47      36.67
cmh1            raw         30        230        208         13          0          9         22         13
cmh1            sys         30        230      90.43       5.65       0.00       3.91       9.57      43.33
cmr0            raw         25        225        209         11          4          5         20         11
cmr0            sys         25        225      92.89       4.89       1.78       2.22       8.89      44.00
crz0            raw         30        302        278         16          0          8         24         14
crz0            sys         30        302      92.05       5.30       0.00       2.65       7.95      46.67
ctm0            raw         10         84         78          4          1          2          7          2
ctm0            sys         10         84      92.86       4.76       1.19       2.38       8.33      20.00
ctt0            raw         10         88         81          5          0          2          7          5
ctt0            sys         10         88      92.05       5.68       0.00       2.27       7.95      50.00
ctw0            raw         30        253        234         12          0          7         19          9
ctw0            sys         30        253      92.49       4.74       0.00       2.77       7.51      30.00
dab0            raw         10         66         62          3          0          1          4          3
dab0            sys         10         66      93.94       4.55       0.00       1.52       6.06      30.00
dlc0            raw         10         67         67          0          0          0          0          0
dlc0            sys         10         67     100.00       0.00       0.00       0.00       0.00       0.00
dlm0            raw         30        229        199         18          1         12         31         16
dlm0            sys         30        229      86.90       7.86       0.44       5.24      13.54      53.33
dml0            raw         30        272        247         18          3          7         28         15
dml0            sys         30        272      90.81       6.62       1.10       2.57      10.29      50.00
dpk0            raw         10         81         73          3          0          5          8          6
dpk0            sys         10         81      90.12       3.70       0.00       6.17       9.88      60.00
dwa0            raw         30        270        246         16          2          8         26         15
dwa0            sys         30        270      91.11       5.93       0.74       2.96       9.63      50.00
eac0            raw         30        236        208         13          2         15         30         18
eac0            sys         30        236      88.14       5.51       0.85       6.36      12.71      60.00
ecd0            raw         30        272        233         27          1         12         40         17
ecd0            sys         30        272      85.66       9.93       0.37       4.41      14.71      56.67
efg0            raw         30        245        224         14          0          7         21         11
efg0            sys         30        245      91.43       5.71       0.00       2.86       8.57      36.67
esg0            raw         30        241        226         10          1          5         16         10
esg0            sys         30        241      93.78       4.15       0.41       2.07       6.64      33.33
ewm0            raw         30        272        248         16          1          8         25         14
ewm0            sys         30        272      91.18       5.88       0.37       2.94       9.19      46.67
exm0            raw         30        246        223         21         10          2         33         12
exm0            sys         30        246      90.65       8.54       4.07       0.81      13.41      40.00
gag0            raw         30        296        240         35          1         21         57         19
gag0            sys         30        296      81.08      11.82       0.34       7.09      19.26      63.33
gaw0            raw         30        244        223         10          1         11         22         12
gaw0            sys         30        244      91.39       4.10       0.41       4.51       9.02      40.00
gmb0            raw         30        246        231          8          0          7         15         10
gmb0            sys         30        246      93.90       3.25       0.00       2.85       6.10      33.33
gwt0            raw         20        166        162          0          0          4          4          4
gwt0            sys         20        166      97.59       0.00       0.00       2.41       2.41      20.00
hlm0            raw         30        296        280         12          1          4         17         10
hlm0            sys         30        296      94.59       4.05       0.34       1.35       5.74      33.33
jdh0            raw         30        246        231          9          1          6         16         14
jdh0            sys         30        246      93.90       3.66       0.41       2.44       6.50      46.67
jdm2            raw         30        271        235         17          1         19         37         22
jdm2            sys         30        271      86.72       6.27       0.37       7.01      13.65      73.33
jfc0            raw         10         90         76         10          1          4         15          7
jfc0            sys         10         90      84.44      11.11       1.11       4.44      16.67      70.00
jfr0            raw         10         92         84          3          0          5          8          4
jfr0            sys         10         92      91.30       3.26       0.00       5.43       8.70      40.00
jls0            raw         30        244        234          7          0          3         10          7
jls0            sys         30        244      95.90       2.87       0.00       1.23       4.10      23.33
jsp0            raw         30        246        222         14          3         10         27         14
jsp0            sys         30        246      90.24       5.69       1.22       4.07      10.98      46.67
jwg0            raw         30        241        215         16          1         10         27         13
jwg0            sys         30        241      89.21       6.64       0.41       4.15      11.20      43.33
jws0            raw         25        211        187         13          0         11         24         16
jws0            sys         25        211      88.63       6.16       0.00       5.21      11.37      64.00
kls0            raw         30        244        216         18          0         10         28         13
kls0            sys         30        244      88.52       7.38       0.00       4.10      11.48      43.33
klt0            raw         30        265        220         23          0         22         45         23
klt0            sys         30        265      83.02       8.68       0.00       8.30      16.98      76.67
ljd0            raw         10        110        104          3          0          3          6          4
ljd0            sys         10        110      94.55       2.73       0.00       2.73       5.45      40.00
lmk0            raw         10         88         83          5          2          0          7          5
lmk0            sys         10         88      94.32       5.68       2.27       0.00       7.95      50.00
lns0            raw         30        272        244         14          0         14         28         14
lns0            sys         30        272      89.71       5.15       0.00       5.15      10.29      46.67
meb0            raw         30        245        216         18          1         11         30         16
meb0            sys         30        245      88.16       7.35       0.41       4.49      12.24      53.33
pad0            raw         30        269        260          4          0          5          9          4
pad0            sys         30        269      96.65       1.49       0.00       1.86       3.35      13.33
rjt0            raw         30        272        249          9          0         14         23         14
rjt0            sys         30        272      91.54       3.31       0.00       5.15       8.46      46.67
rkm0            raw         25        213        186         21          0          6         27         15
rkm0            sys         25        213      87.32       9.86       0.00       2.82      12.68      60.00
rws1            raw         30        244        219         13          0         12         25         17
rws1            sys         30        244      89.75       5.33       0.00       4.92      10.25      56.67
sah0            raw         10         88         85          2          1          1          4          2
sah0            sys         10         88      96.59       2.27       1.14       1.14       4.55      20.00
sas0            raw         30        270        264          4          0          2          6          6
sas0            sys         30        270      97.78       1.48       0.00       0.74       2.22      20.00
sjk0            raw         10         81         75          4          1          2          7          5
sjk0            sys         10         81      92.59       4.94       1.23       2.47       8.64      50.00
stk0            raw         30        241        230          6          1          5         12          7
stk0            sys         30        241      95.44       2.49       0.41       2.07       4.98      23.33
tbr0            raw         30        230        200         24          1          6         31         14
tbr0            sys         30        230      86.96      10.43       0.43       2.61      13.48      46.67
tjs0            raw         30        265        237         15          0         13         28         17
tjs0            sys         30        265      89.43       5.66       0.00       4.91      10.57      56.67
vmh0            raw         30        271        184         65          4         22         91         28
vmh0            sys         30        271      67.90      23.99       1.48       8.12      33.58      93.33
SUM             raw       1460      12533      11385        718         54        430       1202        643
SUM             sys       1460      12533      90.84       5.73       0.43       3.43       9.59      44.04
